seq_index,start_position,end_position,is_reversed_complement
2014,91,98,0
2014,108,115,0
3219,66,73,0
3219,83,90,0
8059,44,51,0
8059,61,68,0
4356,32,39,0
4356,49,56,0
8551,50,57,0
8551,67,74,0
58,78,85,0
58,95,102,0
5857,6,13,0
5857,23,30,0
7709,53,60,0
7709,70,77,0
9317,12,19,0
9317,29,36,0
13050,17,24,0
13050,34,41,0
1273,106,113,0
1273,123,130,0
6542,40,47,0
6542,57,64,0
10838,57,64,0
10838,74,81,0
10838,23,30,0
10838,40,47,0
4922,133,140,0
4922,150,157,0
4922,123,130,0
4922,140,147,0
4922,99,106,0
4922,116,123,0
6000,92,99,0
6000,109,116,0
13754,10,17,0
13754,27,34,0
907,91,98,0
907,108,115,0
649,12,19,0
649,29,36,0
13523,130,137,0
13523,147,154,0
486,35,42,0
486,52,59,0
6152,60,67,0
6152,77,84,0
6152,16,23,0
6152,33,40,0
6866,71,78,0
6866,88,95,0
6897,48,55,0
6897,65,72,0
6897,129,136,0
6897,146,153,0
7583,40,47,0
7583,57,64,0
7583,20,27,0
7583,37,44,0
4017,128,135,0
4017,145,152,0
6556,10,17,0
6556,27,34,0
4363,47,54,0
4363,64,71,0
12122,92,99,0
12122,109,116,0
7988,123,130,0
7988,140,147,0
3624,105,112,0
3624,122,129,0
8932,80,87,0
8932,97,104,0
11960,22,29,0
11960,39,46,0
6967,54,61,0
6967,71,78,0
8279,14,21,0
8279,31,38,0
1504,132,139,0
1504,149,156,0
1504,14,21,0
1504,31,38,0
11821,121,128,0
11821,138,145,0
8218,73,80,0
8218,90,97,0
3356,100,107,0
3356,117,124,0
2192,38,45,0
2192,55,62,0
4240,132,139,0
4240,149,156,0
11501,60,67,0
11501,77,84,0
8633,113,120,0
8633,130,137,0
5712,127,134,0
5712,144,151,0
2406,59,66,0
2406,76,83,0
1,46,53,0
1,63,70,0
1996,4,11,0
1996,21,28,0
3786,93,100,0
3786,110,117,0
6875,69,76,0
6875,86,93,0
5237,135,142,0
5237,152,159,0
13173,126,133,0
13173,143,150,0
9423,57,64,0
9423,74,81,0
11512,133,140,0
11512,150,157,0
8450,64,71,0
8450,81,88,0
5992,64,71,0
5992,81,88,0
9915,129,136,0
9915,146,153,0
4083,91,98,0
4083,108,115,0
9075,110,117,0
9075,127,134,0
9852,70,77,0
9852,87,94,0
11507,2,9,0
11507,19,26,0
2252,75,82,0
2252,92,99,0
13667,75,82,0
13667,92,99,0
2642,9,16,0
2642,26,33,0
12165,55,62,0
12165,72,79,0
8910,81,88,0
8910,98,105,0
3991,68,75,0
3991,85,92,0
13106,118,125,0
13106,135,142,0
2149,122,129,0
2149,139,146,0
6158,62,69,0
6158,79,86,0
2975,114,121,0
2975,131,138,0
2975,32,39,0
2975,49,56,0
2975,86,93,0
2975,103,110,0
1017,111,118,0
1017,128,135,0
1017,49,56,0
1017,66,73,0
9872,66,73,0
9872,83,90,0
7222,71,78,0
7222,88,95,0
12767,15,22,0
12767,32,39,0
7890,1,8,0
7890,18,25,0
2693,8,15,0
2693,25,32,0
11190,35,42,0
11190,52,59,0
3080,139,146,0
3080,156,163,0
1551,75,82,0
1551,92,99,0
1551,56,63,0
1551,73,80,0
6239,123,130,0
6239,140,147,0
4792,117,124,0
4792,134,141,0
2605,6,13,0
2605,23,30,0
3842,128,135,0
3842,145,152,0
3418,12,19,0
3418,29,36,0
3418,108,115,0
3418,125,132,0
3418,16,23,0
3418,33,40,0
6693,14,21,0
6693,31,38,0
13192,113,120,0
13192,130,137,0
752,134,141,0
752,151,158,0
9780,95,102,0
9780,112,119,0
12299,6,13,0
12299,23,30,0
12068,24,31,0
12068,41,48,0
2939,53,60,0
2939,70,77,0
5895,108,115,0
5895,125,132,0
11978,82,89,0
11978,99,106,0
6713,56,63,0
6713,73,80,0
10063,111,118,0
10063,128,135,0
12073,105,112,0
12073,122,129,0
11612,38,45,0
11612,55,62,0
11553,47,54,0
11553,64,71,0
623,124,131,0
623,141,148,0
336,9,16,0
336,26,33,0
6978,111,118,0
6978,128,135,0
12558,48,55,0
12558,65,72,0
12273,58,65,0
12273,75,82,0
7035,38,45,0
7035,55,62,0
12953,107,114,0
12953,124,131,0
866,52,59,0
866,69,76,0
11496,39,46,0
11496,56,63,0
12826,93,100,0
12826,110,117,0
4265,101,108,0
4265,118,125,0
8465,56,63,0
8465,73,80,0
2546,97,104,0
2546,114,121,0
2546,126,133,0
2546,143,150,0
2899,47,54,0
2899,64,71,0
4317,94,101,0
4317,111,118,0
13458,38,45,0
13458,55,62,0
7707,66,73,0
7707,83,90,0
11498,119,126,0
11498,136,143,0
11498,47,54,0
11498,64,71,0
3591,16,23,0
3591,33,40,0
3383,133,140,0
3383,150,157,0
1956,101,108,0
1956,118,125,0
13841,34,41,0
13841,51,58,0
13080,31,38,0
13080,48,55,0
7720,87,94,0
7720,104,111,0
13827,116,123,0
13827,133,140,0
609,111,118,0
609,128,135,0
8401,113,120,0
8401,130,137,0
1244,123,130,0
1244,140,147,0
6572,12,19,0
6572,29,36,0
9424,55,62,0
9424,72,79,0
9635,128,135,0
9635,145,152,0
4449,67,74,0
4449,84,91,0
8460,119,126,0
8460,136,143,0
1286,48,55,0
1286,65,72,0
1286,13,20,0
1286,30,37,0
1248,116,123,0
1248,133,140,0
1200,141,148,0
1200,158,165,0
4588,68,75,0
4588,85,92,0
8675,76,83,0
8675,93,100,0
835,116,123,0
835,133,140,0
835,97,104,0
835,114,121,0
1565,124,131,0
1565,141,148,0
9000,9,16,0
9000,26,33,0
10734,123,130,0
10734,140,147,0
8012,126,133,0
8012,143,150,0
3972,48,55,0
3972,65,72,0
13595,74,81,0
13595,91,98,0
3549,129,136,0
3549,146,153,0
13789,81,88,0
13789,98,105,0
13789,107,114,0
13789,124,131,0
13789,115,122,0
13789,132,139,0
11587,129,136,0
11587,146,153,0
12748,133,140,0
12748,150,157,0
6742,74,81,0
6742,91,98,0
6742,52,59,0
6742,69,76,0
8193,62,69,0
8193,79,86,0
1590,37,44,0
1590,54,61,0
2429,25,32,0
2429,42,49,0
728,96,103,0
728,113,120,0
728,141,148,0
728,158,165,0
7139,131,138,0
7139,148,155,0
9533,85,92,0
9533,102,109,0
2152,60,67,0
2152,77,84,0
5698,127,134,0
5698,144,151,0
11847,91,98,0
11847,108,115,0
13225,66,73,0
13225,83,90,0
13225,70,77,0
13225,87,94,0
9724,109,116,0
9724,126,133,0
5514,116,123,0
5514,133,140,0
7658,61,68,0
7658,78,85,0
6792,87,94,0
6792,104,111,0
8078,10,17,0
8078,27,34,0
3103,101,108,0
3103,118,125,0
13339,80,87,0
13339,97,104,0
7981,77,84,0
7981,94,101,0
9832,110,117,0
9832,127,134,0
2443,79,86,0
2443,96,103,0
8014,82,89,0
8014,99,106,0
8014,28,35,0
8014,45,52,0
7968,58,65,0
7968,75,82,0
1109,87,94,0
1109,104,111,0
7137,1,8,0
7137,18,25,0
12979,129,136,0
12979,146,153,0
11994,41,48,0
11994,58,65,0
7266,88,95,0
7266,105,112,0
13612,73,80,0
13612,90,97,0
2706,84,91,0
2706,101,108,0
1739,43,50,0
1739,60,67,0
8071,69,76,0
8071,86,93,0
8071,71,78,0
8071,88,95,0
1395,54,61,0
1395,71,78,0
11791,95,102,0
11791,112,119,0
11462,49,56,0
11462,66,73,0
2284,79,86,0
2284,96,103,0
13311,59,66,0
13311,76,83,0
13311,139,146,0
13311,156,163,0
13311,119,126,0
13311,136,143,0
12044,124,131,0
12044,141,148,0
1075,8,15,0
1075,25,32,0
10365,111,118,0
10365,128,135,0
12388,69,76,0
12388,86,93,0
9648,138,145,0
9648,155,162,0
4509,48,55,0
4509,65,72,0
6071,49,56,0
6071,66,73,0
6071,106,113,0
6071,123,130,0
755,22,29,0
755,39,46,0
11111,113,120,0
11111,130,137,0
723,129,136,0
723,146,153,0
13123,113,120,0
13123,130,137,0
13123,38,45,0
13123,55,62,0
1349,10,17,0
1349,27,34,0
1349,106,113,0
1349,123,130,0
5243,26,33,0
5243,43,50,0
13810,9,16,0
13810,26,33,0
351,111,118,0
351,128,135,0
351,91,98,0
351,108,115,0
13374,62,69,0
13374,79,86,0
13374,35,42,0
13374,52,59,0
2120,11,18,0
2120,28,35,0
2120,9,16,0
2120,26,33,0
7356,68,75,0
7356,85,92,0
13912,29,36,0
13912,46,53,0
13912,89,96,0
13912,106,113,0
8186,57,64,0
8186,74,81,0
8186,41,48,0
8186,58,65,0
932,42,49,0
932,59,66,0
932,64,71,0
932,81,88,0
314,108,115,0
314,125,132,0
2184,128,135,0
2184,145,152,0
3587,109,116,0
3587,126,133,0
3587,62,69,0
3587,79,86,0
13846,81,88,0
13846,98,105,0
12719,120,127,0
12719,137,144,0
690,76,83,0
690,93,100,0
1983,86,93,0
1983,103,110,0
3196,62,69,0
3196,79,86,0
3196,87,94,0
3196,104,111,0
12653,103,110,0
12653,120,127,0
12522,114,121,0
12522,131,138,0
4035,83,90,0
4035,100,107,0
4920,106,113,0
4920,123,130,0
4402,97,104,0
4402,114,121,0
13566,76,83,0
13566,93,100,0
7316,81,88,0
7316,98,105,0
1104,115,122,0
1104,132,139,0
11221,70,77,0
11221,87,94,0
9256,27,34,0
9256,44,51,0
5207,82,89,0
5207,99,106,0
10225,107,114,0
10225,124,131,0
10502,119,126,0
10502,136,143,0
13221,110,117,0
13221,127,134,0
6442,128,135,0
6442,145,152,0
10797,41,48,0
10797,58,65,0
6309,26,33,0
6309,43,50,0
5776,93,100,0
5776,110,117,0
1135,130,137,0
1135,147,154,0
13718,61,68,0
13718,78,85,0
6340,115,122,0
6340,132,139,0
2521,101,108,0
2521,118,125,0
187,141,148,0
187,158,165,0
12029,80,87,0
12029,97,104,0
12029,128,135,0
12029,145,152,0
3435,42,49,0
3435,59,66,0
11613,126,133,0
11613,143,150,0
5432,87,94,0
5432,104,111,0
3804,55,62,0
3804,72,79,0
325,117,124,0
325,134,141,0
13605,51,58,0
13605,68,75,0
10829,22,29,0
10829,39,46,0
13231,104,111,0
13231,121,128,0
545,73,80,0
545,90,97,0
2107,55,62,0
2107,72,79,0
9922,82,89,0
9922,99,106,0
6784,67,74,0
6784,84,91,0
6243,48,55,0
6243,65,72,0
8768,88,95,0
8768,105,112,0
557,60,67,0
557,77,84,0
12677,16,23,0
12677,33,40,0
536,89,96,0
536,106,113,0
536,75,82,0
536,92,99,0
6042,81,88,0
6042,98,105,0
8425,49,56,0
8425,66,73,0
4825,125,132,0
4825,142,149,0
79,78,85,0
79,95,102,0
7516,134,141,0
7516,151,158,0
1361,117,124,0
1361,134,141,0
6489,117,124,0
6489,134,141,0
3171,103,110,0
3171,120,127,0
10731,3,10,0
10731,20,27,0
12900,99,106,0
12900,116,123,0
6105,42,49,0
6105,59,66,0
10971,105,112,0
10971,122,129,0
12943,59,66,0
12943,76,83,0
12943,129,136,0
12943,146,153,0
7600,67,74,0
7600,84,91,0
1314,131,138,0
1314,148,155,0
8414,74,81,0
8414,91,98,0
13624,127,134,0
13624,144,151,0
7344,48,55,0
7344,65,72,0
8595,77,84,0
8595,94,101,0
8595,52,59,0
8595,69,76,0
3836,82,89,0
3836,99,106,0
5445,119,126,0
5445,136,143,0
7854,30,37,0
7854,47,54,0
8742,130,137,0
8742,147,154,0
4475,1,8,0
4475,18,25,0
8988,113,120,0
8988,130,137,0
169,37,44,0
169,54,61,0
5900,53,60,0
5900,70,77,0
13395,70,77,0
13395,87,94,0
10888,40,47,0
10888,57,64,0
9548,13,20,0
9548,30,37,0
6053,84,91,0
6053,101,108,0
12895,121,128,0
12895,138,145,0
2112,7,14,0
2112,24,31,0
11741,112,119,0
11741,129,136,0
2499,131,138,0
2499,148,155,0
3090,100,107,0
3090,117,124,0
1526,41,48,0
1526,58,65,0
10742,61,68,0
10742,78,85,0
2511,51,58,0
2511,68,75,0
3111,88,95,0
3111,105,112,0
2767,107,114,0
2767,124,131,0
12009,4,11,0
12009,21,28,0
4319,84,91,0
4319,101,108,0
3314,118,125,0
3314,135,142,0
13428,79,86,0
13428,96,103,0
9324,110,117,0
9324,127,134,0
3201,98,105,0
3201,115,122,0
4481,43,50,0
4481,60,67,0
12043,26,33,0
12043,43,50,0
5732,49,56,0
5732,66,73,0
8392,125,132,0
8392,142,149,0
1435,113,120,0
1435,130,137,0
1435,96,103,0
1435,113,120,0
1213,82,89,0
1213,99,106,0
8337,85,92,0
8337,102,109,0
1033,78,85,0
1033,95,102,0
1033,15,22,0
1033,32,39,0
4764,28,35,0
4764,45,52,0
1081,42,49,0
1081,59,66,0
475,121,128,0
475,138,145,0
2587,59,66,0
2587,76,83,0
8422,7,14,0
8422,24,31,0
10451,56,63,0
10451,73,80,0
3722,46,53,0
3722,63,70,0
791,114,121,0
791,131,138,0
4244,96,103,0
4244,113,120,0
6207,58,65,0
6207,75,82,0
4572,134,141,0
4572,151,158,0
7756,76,83,0
7756,93,100,0
3751,89,96,0
3751,106,113,0
6928,16,23,0
6928,33,40,0
6948,45,52,0
6948,62,69,0
10534,49,56,0
10534,66,73,0
1246,57,64,0
1246,74,81,0
10603,60,67,0
10603,77,84,0
9338,2,9,0
9338,19,26,0
7255,44,51,0
7255,61,68,0
7255,26,33,0
7255,43,50,0
3176,95,102,0
3176,112,119,0
9020,128,135,0
9020,145,152,0
4824,84,91,0
4824,101,108,0
11147,94,101,0
11147,111,118,0
10933,19,26,0
10933,36,43,0
2219,111,118,0
2219,128,135,0
9249,97,104,0
9249,114,121,0
2070,113,120,0
2070,130,137,0
6338,105,112,0
6338,122,129,0
10067,32,39,0
10067,49,56,0
12145,90,97,0
12145,107,114,0
9350,69,76,0
9350,86,93,0
4277,135,142,0
4277,152,159,0
6350,117,124,0
6350,134,141,0
7742,3,10,0
7742,20,27,0
8643,69,76,0
8643,86,93,0
6006,84,91,0
6006,101,108,0
9332,141,148,0
9332,158,165,0
5710,23,30,0
5710,40,47,0
11997,18,25,0
11997,35,42,0
1772,119,126,0
1772,136,143,0
4115,17,24,0
4115,34,41,0
10763,63,70,0
10763,80,87,0
8093,45,52,0
8093,62,69,0
2696,105,112,0
2696,122,129,0
13429,73,80,0
13429,90,97,0
12406,75,82,0
12406,92,99,0
8781,70,77,0
8781,87,94,0
5013,103,110,0
5013,120,127,0
3965,86,93,0
3965,103,110,0
10507,133,140,0
10507,150,157,0
6643,1,8,0
6643,18,25,0
6426,59,66,0
6426,76,83,0
6426,38,45,0
6426,55,62,0
6527,93,100,0
6527,110,117,0
8666,127,134,0
8666,144,151,0
2417,106,113,0
2417,123,130,0
10537,67,74,0
10537,84,91,0
1587,141,148,0
1587,158,165,0
7326,13,20,0
7326,30,37,0
13109,107,114,0
13109,124,131,0
12225,50,57,0
12225,67,74,0
3000,123,130,0
3000,140,147,0
3000,86,93,0
3000,103,110,0
1908,71,78,0
1908,88,95,0
6965,135,142,0
6965,152,159,0
12904,74,81,0
12904,91,98,0
12993,0,7,0
12993,17,24,0
10119,17,24,0
10119,34,41,0
11009,72,79,0
11009,89,96,0
12614,81,88,0
12614,98,105,0
11259,139,146,0
11259,156,163,0
11259,112,119,0
11259,129,136,0
1227,109,116,0
1227,126,133,0
1227,118,125,0
1227,135,142,0
4617,13,20,0
4617,30,37,0
2955,24,31,0
2955,41,48,0
11765,91,98,0
11765,108,115,0
11765,129,136,0
11765,146,153,0
1424,117,124,0
1424,134,141,0
21,127,134,0
21,144,151,0
1066,62,69,0
1066,79,86,0
11626,94,101,0
11626,111,118,0
5495,89,96,0
5495,106,113,0
9002,93,100,0
9002,110,117,0
12520,131,138,0
12520,148,155,0
8610,92,99,0
8610,109,116,0
6829,106,113,0
6829,123,130,0
2793,93,100,0
2793,110,117,0
3299,76,83,0
3299,93,100,0
1918,23,30,0
1918,40,47,0
8387,85,92,0
8387,102,109,0
9172,67,74,0
9172,84,91,0
11808,36,43,0
11808,53,60,0
3956,127,134,0
3956,144,151,0
7788,134,141,0
7788,151,158,0
7339,120,127,0
7339,137,144,0
4956,130,137,0
4956,147,154,0
10335,33,40,0
10335,50,57,0
4710,88,95,0
4710,105,112,0
11176,15,22,0
11176,32,39,0
11530,75,82,0
11530,92,99,0
4368,141,148,0
4368,158,165,0
258,98,105,0
258,115,122,0
8338,90,97,0
8338,107,114,0
3967,4,11,0
3967,21,28,0
4072,106,113,0
4072,123,130,0
6040,131,138,0
6040,148,155,0
8846,85,92,0
8846,102,109,0
824,59,66,0
824,76,83,0
824,20,27,0
824,37,44,0
8935,105,112,0
8935,122,129,0
754,18,25,0
754,35,42,0
7823,105,112,0
7823,122,129,0
11325,59,66,0
11325,76,83,0
12131,13,20,0
12131,30,37,0
9869,19,26,0
9869,36,43,0
11869,78,85,0
11869,95,102,0
11869,97,104,0
11869,114,121,0
2759,137,144,0
2759,154,161,0
8182,41,48,0
8182,58,65,0
9925,120,127,0
9925,137,144,0
1975,60,67,0
1975,77,84,0
8382,38,45,0
8382,55,62,0
8382,99,106,0
8382,116,123,0
8382,69,76,0
8382,86,93,0
5838,102,109,0
5838,119,126,0
9479,60,67,0
9479,77,84,0
11104,113,120,0
11104,130,137,0
10192,13,20,0
10192,30,37,0
13887,50,57,0
13887,67,74,0
6621,89,96,0
6621,106,113,0
6262,91,98,0
6262,108,115,0
6262,119,126,0
6262,136,143,0
13320,91,98,0
13320,108,115,0
6598,76,83,0
6598,93,100,0
10245,49,56,0
10245,66,73,0
13132,99,106,0
13132,116,123,0
10523,46,53,0
10523,63,70,0
2779,32,39,0
2779,49,56,0
8117,25,32,0
8117,42,49,0
7375,27,34,0
7375,44,51,0
11572,38,45,0
11572,55,62,0
5758,112,119,0
5758,129,136,0
5026,67,74,0
5026,84,91,0
5288,126,133,0
5288,143,150,0
808,121,128,0
808,138,145,0
2390,90,97,0
2390,107,114,0
2390,97,104,0
2390,114,121,0
5904,3,10,0
5904,20,27,0
6610,77,84,0
6610,94,101,0
6397,49,56,0
6397,66,73,0
9717,56,63,0
9717,73,80,0
1553,0,7,0
1553,17,24,0
3519,120,127,0
3519,137,144,0
7402,35,42,0
7402,52,59,0
7402,102,109,0
7402,119,126,0
5188,77,84,0
5188,94,101,0
12893,113,120,0
12893,130,137,0
1218,10,17,0
1218,27,34,0
7315,129,136,0
7315,146,153,0
6128,36,43,0
6128,53,60,0
1909,117,124,0
1909,134,141,0
11387,28,35,0
11387,45,52,0
11387,107,114,0
11387,124,131,0
11387,65,72,0
11387,82,89,0
11718,67,74,0
11718,84,91,0
12163,28,35,0
12163,45,52,0
12163,23,30,0
12163,40,47,0
4551,8,15,0
4551,25,32,0
5604,109,116,0
5604,126,133,0
12550,36,43,0
12550,53,60,0
333,61,68,0
333,78,85,0
8260,110,117,0
8260,127,134,0
11248,130,137,0
11248,147,154,0
13613,60,67,0
13613,77,84,0
10946,18,25,0
10946,35,42,0
10946,136,143,0
10946,153,160,0
651,52,59,0
651,69,76,0
6431,112,119,0
6431,129,136,0
69,7,14,0
69,24,31,0
12865,27,34,0
12865,44,51,0
10920,60,67,0
10920,77,84,0
11334,90,97,0
11334,107,114,0
12058,107,114,0
12058,124,131,0
801,90,97,0
801,107,114,0
12798,94,101,0
12798,111,118,0
3147,9,16,0
3147,26,33,0
11237,110,117,0
11237,127,134,0
7113,111,118,0
7113,128,135,0
4795,25,32,0
4795,42,49,0
8360,117,124,0
8360,134,141,0
11941,3,10,0
11941,20,27,0
10351,51,58,0
10351,68,75,0
6454,8,15,0
6454,25,32,0
6454,141,148,0
6454,158,165,0
11301,64,71,0
11301,81,88,0
1713,6,13,0
1713,23,30,0
4771,32,39,0
4771,49,56,0
9188,121,128,0
9188,138,145,0
9188,99,106,0
9188,116,123,0
9900,102,109,0
9900,119,126,0
3783,141,148,0
3783,158,165,0
994,28,35,0
994,45,52,0
994,126,133,0
994,143,150,0
6876,97,104,0
6876,114,121,0
6876,118,125,0
6876,135,142,0
12533,129,136,0
12533,146,153,0
5007,3,10,0
5007,20,27,0
4379,17,24,0
4379,34,41,0
180,76,83,0
180,93,100,0
7986,36,43,0
7986,53,60,0
5374,100,107,0
5374,117,124,0
66,77,84,0
66,94,101,0
4114,27,34,0
4114,44,51,0
4114,18,25,0
4114,35,42,0
12182,132,139,0
12182,149,156,0
5927,134,141,0
5927,151,158,0
5518,108,115,0
5518,125,132,0
7278,46,53,0
7278,63,70,0
9524,24,31,0
9524,41,48,0
12261,3,10,0
12261,20,27,0
12261,20,27,0
12261,37,44,0
8661,91,98,0
8661,108,115,0
4728,109,116,0
4728,126,133,0
9115,124,131,0
9115,141,148,0
8073,3,10,0
8073,20,27,0
13010,131,138,0
13010,148,155,0
6126,140,147,0
6126,157,164,0
2416,128,135,0
2416,145,152,0
11854,140,147,0
11854,157,164,0
4903,98,105,0
4903,115,122,0
8268,89,96,0
8268,106,113,0
6813,128,135,0
6813,145,152,0
11685,33,40,0
11685,50,57,0
1706,141,148,0
1706,158,165,0
1706,115,122,0
1706,132,139,0
8329,38,45,0
8329,55,62,0
13585,112,119,0
13585,129,136,0
7057,67,74,0
7057,84,91,0
7057,50,57,0
7057,67,74,0
2163,111,118,0
2163,128,135,0
2163,50,57,0
2163,67,74,0
12942,106,113,0
12942,123,130,0
429,112,119,0
429,129,136,0
12721,38,45,0
12721,55,62,0
4112,10,17,0
4112,27,34,0
6874,54,61,0
6874,71,78,0
3453,103,110,0
3453,120,127,0
10588,140,147,0
10588,157,164,0
5596,105,112,0
5596,122,129,0
676,107,114,0
676,124,131,0
4355,17,24,0
4355,34,41,0
11084,55,62,0
11084,72,79,0
5926,45,52,0
5926,62,69,0
12082,99,106,0
12082,116,123,0
12485,13,20,0
12485,30,37,0
9336,74,81,0
9336,91,98,0
1720,72,79,0
1720,89,96,0
1746,127,134,0
1746,144,151,0
1746,21,28,0
1746,38,45,0
7843,8,15,0
7843,25,32,0
7843,129,136,0
7843,146,153,0
7662,87,94,0
7662,104,111,0
12190,127,134,0
12190,144,151,0
1925,80,87,0
1925,97,104,0
6956,60,67,0
6956,77,84,0
12454,123,130,0
12454,140,147,0
7549,2,9,0
7549,19,26,0
13200,7,14,0
13200,24,31,0
6475,67,74,0
6475,84,91,0
6848,102,109,0
6848,119,126,0
8347,9,16,0
8347,26,33,0
13365,102,109,0
13365,119,126,0
13365,139,146,0
13365,156,163,0
9367,73,80,0
9367,90,97,0
2543,48,55,0
2543,65,72,0
9377,50,57,0
9377,67,74,0
8505,110,117,0
8505,127,134,0
2171,120,127,0
2171,137,144,0
2171,14,21,0
2171,31,38,0
6348,100,107,0
6348,117,124,0
3969,20,27,0
3969,37,44,0
2879,4,11,0
2879,21,28,0
7768,29,36,0
7768,46,53,0
7768,89,96,0
7768,106,113,0
12538,42,49,0
12538,59,66,0
9453,89,96,0
9453,106,113,0
5888,115,122,0
5888,132,139,0
8719,129,136,0
8719,146,153,0
257,116,123,0
257,133,140,0
257,67,74,0
257,84,91,0
11814,110,117,0
11814,127,134,0
4638,64,71,0
4638,81,88,0
1517,19,26,0
1517,36,43,0
7930,114,121,0
7930,131,138,0
7930,32,39,0
7930,49,56,0
7930,86,93,0
7930,103,110,0
4500,93,100,0
4500,110,117,0
12080,141,148,0
12080,158,165,0
11470,105,112,0
11470,122,129,0
6366,10,17,0
6366,27,34,0
2709,110,117,0
2709,127,134,0
2709,141,148,0
2709,158,165,0
5872,31,38,0
5872,48,55,0
13089,44,51,0
13089,61,68,0
9748,63,70,0
9748,80,87,0
2583,28,35,0
2583,45,52,0
12788,9,16,0
12788,26,33,0
4414,114,121,0
4414,131,138,0
4012,52,59,0
4012,69,76,0
10976,37,44,0
10976,54,61,0
6223,99,106,0
6223,116,123,0
6223,133,140,0
6223,150,157,0
2697,85,92,0
2697,102,109,0
2697,52,59,0
2697,69,76,0
836,66,73,0
836,83,90,0
10422,118,125,0
10422,135,142,0
10206,106,113,0
10206,123,130,0
7072,6,13,0
7072,23,30,0
12962,0,7,0
12962,17,24,0
6688,58,65,0
6688,75,82,0
5315,136,143,0
5315,153,160,0
6515,105,112,0
6515,122,129,0
290,20,27,0
290,37,44,0
3092,54,61,0
3092,71,78,0
4134,22,29,0
4134,39,46,0
4806,133,140,0
4806,150,157,0
7819,72,79,0
7819,89,96,0
13252,85,92,0
13252,102,109,0
4925,127,134,0
4925,144,151,0
501,59,66,0
501,76,83,0
501,37,44,0
501,54,61,0
13830,24,31,0
13830,41,48,0
1303,98,105,0
1303,115,122,0
4497,128,135,0
4497,145,152,0
7892,118,125,0
7892,135,142,0
7892,92,99,0
7892,109,116,0
11996,132,139,0
11996,149,156,0
11092,77,84,0
11092,94,101,0
9300,76,83,0
9300,93,100,0
11591,132,139,0
11591,149,156,0
12672,32,39,0
12672,49,56,0
6549,128,135,0
6549,145,152,0
13322,127,134,0
13322,144,151,0
1332,58,65,0
1332,75,82,0
9161,46,53,0
9161,63,70,0
1493,41,48,0
1493,58,65,0
1505,46,53,0
1505,63,70,0
11227,138,145,0
11227,155,162,0
11227,128,135,0
11227,145,152,0
5427,98,105,0
5427,115,122,0
5427,49,56,0
5427,66,73,0
925,74,81,0
925,91,98,0
681,93,100,0
681,110,117,0
57,56,63,0
57,73,80,0
1045,54,61,0
1045,71,78,0
6062,15,22,0
6062,32,39,0
13047,61,68,0
13047,78,85,0
1542,43,50,0
1542,60,67,0
3976,125,132,0
3976,142,149,0
4063,34,41,0
4063,51,58,0
4063,43,50,0
4063,60,67,0
424,34,41,0
424,51,58,0
424,129,136,0
424,146,153,0
1594,36,43,0
1594,53,60,0
7676,36,43,0
7676,53,60,0
3750,77,84,0
3750,94,101,0
12172,34,41,0
12172,51,58,0
3242,105,112,0
3242,122,129,0
563,33,40,0
563,50,57,0
5775,69,76,0
5775,86,93,0
3606,89,96,0
3606,106,113,0
9984,13,20,0
9984,30,37,0
12200,72,79,0
12200,89,96,0
6659,12,19,0
6659,29,36,0
5623,45,52,0
5623,62,69,0
5623,96,103,0
5623,113,120,0
291,56,63,0
291,73,80,0
2150,82,89,0
2150,99,106,0
12320,20,27,0
12320,37,44,0
10835,68,75,0
10835,85,92,0
10044,99,106,0
10044,116,123,0
9091,20,27,0
9091,37,44,0
6198,22,29,0
6198,39,46,0
6198,10,17,0
6198,27,34,0
5173,113,120,0
5173,130,137,0
2534,116,123,0
2534,133,140,0
2534,96,103,0
2534,113,120,0
4303,131,138,0
4303,148,155,0
13481,11,18,0
13481,28,35,0
13481,86,93,0
13481,103,110,0
7958,122,129,0
7958,139,146,0
1132,68,75,0
1132,85,92,0
1132,35,42,0
1132,52,59,0
6495,115,122,0
6495,132,139,0
2294,109,116,0
2294,126,133,0
7829,74,81,0
7829,91,98,0
13897,8,15,0
13897,25,32,0
13501,90,97,0
13501,107,114,0
3489,67,74,0
3489,84,91,0
3489,75,82,0
3489,92,99,0
3489,69,76,0
3489,86,93,0
5238,79,86,0
5238,96,103,0
751,73,80,0
751,90,97,0
11942,17,24,0
11942,34,41,0
11942,119,126,0
11942,136,143,0
13393,87,94,0
13393,104,111,0
136,109,116,0
136,126,133,0
4625,108,115,0
4625,125,132,0
3148,71,78,0
3148,88,95,0
997,86,93,0
997,103,110,0
2263,76,83,0
2263,93,100,0
8254,138,145,0
8254,155,162,0
1494,49,56,0
1494,66,73,0
2773,2,9,0
2773,19,26,0
13886,11,18,0
13886,28,35,0
6301,97,104,0
6301,114,121,0
4871,79,86,0
4871,96,103,0
6205,105,112,0
6205,122,129,0
8238,110,117,0
8238,127,134,0
10914,22,29,0
10914,39,46,0
3172,58,65,0
3172,75,82,0
12855,80,87,0
12855,97,104,0
306,56,63,0
306,73,80,0
199,130,137,0
199,147,154,0
5072,55,62,0
5072,72,79,0
6603,27,34,0
6603,44,51,0
3476,111,118,0
3476,128,135,0
3476,10,17,0
3476,27,34,0
6010,90,97,0
6010,107,114,0
6010,11,18,0
6010,28,35,0
6377,100,107,0
6377,117,124,0
10458,48,55,0
10458,65,72,0
5512,109,116,0
5512,126,133,0
13198,54,61,0
13198,71,78,0
13421,84,91,0
13421,101,108,0
7527,135,142,0
7527,152,159,0
13760,128,135,0
13760,145,152,0
1130,119,126,0
1130,136,143,0
7010,125,132,0
7010,142,149,0
1953,68,75,0
1953,85,92,0
1795,57,64,0
1795,74,81,0
12013,73,80,0
12013,90,97,0
8644,26,33,0
8644,43,50,0
13279,102,109,0
13279,119,126,0
13279,8,15,0
13279,25,32,0
5181,33,40,0
5181,50,57,0
8043,105,112,0
8043,122,129,0
5975,84,91,0
5975,101,108,0
7027,21,28,0
7027,38,45,0
10954,94,101,0
10954,111,118,0
3770,10,17,0
3770,27,34,0
6038,35,42,0
6038,52,59,0
12258,63,70,0
12258,80,87,0
8950,76,83,0
8950,93,100,0
5902,102,109,0
5902,119,126,0
10816,54,61,0
10816,71,78,0
5382,104,111,0
5382,121,128,0
5382,87,94,0
5382,104,111,0
13140,121,128,0
13140,138,145,0
13140,116,123,0
13140,133,140,0
4744,70,77,0
4744,87,94,0
7556,35,42,0
7556,52,59,0
11101,73,80,0
11101,90,97,0
1571,14,21,0
1571,31,38,0
1391,47,54,0
1391,64,71,0
6160,124,131,0
6160,141,148,0
8285,35,42,0
8285,52,59,0
10054,134,141,0
10054,151,158,0
10027,63,70,0
10027,80,87,0
1901,36,43,0
1901,53,60,0
8971,27,34,0
8971,44,51,0
8581,91,98,0
8581,108,115,0
10868,103,110,0
10868,120,127,0
9839,84,91,0
9839,101,108,0
13327,65,72,0
13327,82,89,0
10565,91,98,0
10565,108,115,0
4135,121,128,0
4135,138,145,0
210,63,70,0
210,80,87,0
9245,73,80,0
9245,90,97,0
11136,85,92,0
11136,102,109,0
9697,41,48,0
9697,58,65,0
6633,122,129,0
6633,139,146,0
6633,120,127,0
6633,137,144,0
6633,79,86,0
6633,96,103,0
13736,129,136,0
13736,146,153,0
3616,109,116,0
3616,126,133,0
8520,56,63,0
8520,73,80,0
6554,113,120,0
6554,130,137,0
10625,43,50,0
10625,60,67,0
1000,58,65,0
1000,75,82,0
9476,127,134,0
9476,144,151,0
9476,96,103,0
9476,113,120,0
6630,75,82,0
6630,92,99,0
9790,27,34,0
9790,44,51,0
9790,33,40,0
9790,50,57,0
9790,15,22,0
9790,32,39,0
10753,109,116,0
10753,126,133,0
10753,69,76,0
10753,86,93,0
2206,104,111,0
2206,121,128,0
10205,90,97,0
10205,107,114,0
5249,67,74,0
5249,84,91,0
5249,127,134,0
5249,144,151,0
339,135,142,0
339,152,159,0
11061,109,116,0
11061,126,133,0
7126,110,117,0
7126,127,134,0
3518,127,134,0
3518,144,151,0
3518,130,137,0
3518,147,154,0
5897,107,114,0
5897,124,131,0
13796,113,120,0
13796,130,137,0
8013,61,68,0
8013,78,85,0
12235,129,136,0
12235,146,153,0
12689,8,15,0
12689,25,32,0
735,95,102,0
735,112,119,0
11280,125,132,0
11280,142,149,0
4748,56,63,0
4748,73,80,0
4748,37,44,0
4748,54,61,0
2242,11,18,0
2242,28,35,0
13055,44,51,0
13055,61,68,0
1308,119,126,0
1308,136,143,0
7834,126,133,0
7834,143,150,0
7834,106,113,0
7834,123,130,0
3831,99,106,0
3831,116,123,0
1900,12,19,0
1900,29,36,0
6729,74,81,0
6729,91,98,0
13345,83,90,0
13345,100,107,0
3954,110,117,0
3954,127,134,0
12448,11,18,0
12448,28,35,0
12448,83,90,0
12448,100,107,0
12448,30,37,0
12448,47,54,0
11792,119,126,0
11792,136,143,0
1482,134,141,0
1482,151,158,0
2610,113,120,0
2610,130,137,0
1792,110,117,0
1792,127,134,0
10310,41,48,0
10310,58,65,0
2320,98,105,0
2320,115,122,0
10319,55,62,0
10319,72,79,0
3011,100,107,0
3011,117,124,0
6570,129,136,0
6570,146,153,0
6570,127,134,0
6570,144,151,0
4565,70,77,0
4565,87,94,0
3797,123,130,0
3797,140,147,0
5395,57,64,0
5395,74,81,0
6102,48,55,0
6102,65,72,0
2365,121,128,0
2365,138,145,0
8893,92,99,0
8893,109,116,0
4429,11,18,0
4429,28,35,0
9799,33,40,0
9799,50,57,0
9799,52,59,0
9799,69,76,0
6715,7,14,0
6715,24,31,0
3677,33,40,0
3677,50,57,0
5428,43,50,0
5428,60,67,0
6692,129,136,0
6692,146,153,0
6692,37,44,0
6692,54,61,0
7225,125,132,0
7225,142,149,0
7225,13,20,0
7225,30,37,0
4602,78,85,0
4602,95,102,0
4602,56,63,0
4602,73,80,0
11550,108,115,0
11550,125,132,0
12720,22,29,0
12720,39,46,0
1626,88,95,0
1626,105,112,0
6913,127,134,0
6913,144,151,0
9394,84,91,0
9394,101,108,0
5165,103,110,0
5165,120,127,0
3536,121,128,0
3536,138,145,0
12732,115,122,0
12732,132,139,0
5170,86,93,0
5170,103,110,0
11688,129,136,0
11688,146,153,0
4156,93,100,0
4156,110,117,0
13122,38,45,0
13122,55,62,0
9987,116,123,0
9987,133,140,0
5863,67,74,0
5863,84,91,0
10090,91,98,0
10090,108,115,0
8523,131,138,0
8523,148,155,0
9651,104,111,0
9651,121,128,0
479,35,42,0
479,52,59,0
8230,91,98,0
8230,108,115,0
8230,71,78,0
8230,88,95,0
2460,32,39,0
2460,49,56,0
566,94,101,0
566,111,118,0
13511,7,14,0
13511,24,31,0
9589,97,104,0
9589,114,121,0
5884,53,60,0
5884,70,77,0
8179,70,77,0
8179,87,94,0
13844,99,106,0
13844,116,123,0
11255,137,144,0
11255,154,161,0
6316,52,59,0
6316,69,76,0
11586,87,94,0
11586,104,111,0
3767,12,19,0
3767,29,36,0
3767,107,114,0
3767,124,131,0
9082,68,75,0
9082,85,92,0
12158,53,60,0
12158,70,77,0
11441,16,23,0
11441,33,40,0
488,60,67,0
488,77,84,0
9226,33,40,0
9226,50,57,0
12232,80,87,0
12232,97,104,0
11911,68,75,0
11911,85,92,0
2645,117,124,0
2645,134,141,0
7288,128,135,0
7288,145,152,0
9650,76,83,0
9650,93,100,0
1125,127,134,0
1125,144,151,0
7668,72,79,0
7668,89,96,0
7189,114,121,0
7189,131,138,0
7189,8,15,0
7189,25,32,0
13286,70,77,0
13286,87,94,0
6754,37,44,0
6754,54,61,0
7650,52,59,0
7650,69,76,0
10967,100,107,0
10967,117,124,0
8960,72,79,0
8960,89,96,0
604,108,115,0
604,125,132,0
3918,127,134,0
3918,144,151,0
2701,25,32,0
2701,42,49,0
13384,122,129,0
13384,139,146,0
11749,97,104,0
11749,114,121,0
1341,52,59,0
1341,69,76,0
4506,120,127,0
4506,137,144,0
8441,26,33,0
8441,43,50,0
3057,16,23,0
3057,33,40,0
6906,91,98,0
6906,108,115,0
13859,27,34,0
13859,44,51,0
5679,123,130,0
5679,140,147,0
3742,44,51,0
3742,61,68,0
1993,43,50,0
1993,60,67,0
1971,83,90,0
1971,100,107,0
12595,3,10,0
12595,20,27,0
12595,136,143,0
12595,153,160,0
725,115,122,0
725,132,139,0
2194,66,73,0
2194,83,90,0
5267,62,69,0
5267,79,86,0
5401,44,51,0
5401,61,68,0
4190,72,79,0
4190,89,96,0
12789,63,70,0
12789,80,87,0
11314,81,88,0
11314,98,105,0
11314,52,59,0
11314,69,76,0
4889,71,78,0
4889,88,95,0
8320,39,46,0
8320,56,63,0
11548,88,95,0
11548,105,112,0
10741,11,18,0
10741,28,35,0
11436,91,98,0
11436,108,115,0
3204,118,125,0
3204,135,142,0
12378,9,16,0
12378,26,33,0
12378,82,89,0
12378,99,106,0
288,104,111,0
288,121,128,0
13791,2,9,0
13791,19,26,0
3619,52,59,0
3619,69,76,0
11881,112,119,0
11881,129,136,0
10466,137,144,0
10466,154,161,0
10466,58,65,0
10466,75,82,0
1675,83,90,0
1675,100,107,0
919,42,49,0
919,59,66,0
3951,53,60,0
3951,70,77,0
7867,101,108,0
7867,118,125,0
13670,4,11,0
13670,21,28,0
9275,91,98,0
9275,108,115,0
202,15,22,0
202,32,39,0
2334,96,103,0
2334,113,120,0
2659,90,97,0
2659,107,114,0
2659,120,127,0
2659,137,144,0
11723,33,40,0
11723,50,57,0
7830,135,142,0
7830,152,159,0
4516,68,75,0
4516,85,92,0
5858,87,94,0
5858,104,111,0
3003,44,51,0
3003,61,68,0
5423,20,27,0
5423,37,44,0
5423,100,107,0
5423,117,124,0
8331,75,82,0
8331,92,99,0
7955,58,65,0
7955,75,82,0
2257,42,49,0
2257,59,66,0
688,35,42,0
688,52,59,0
5580,112,119,0
5580,129,136,0
5864,113,120,0
5864,130,137,0
5864,24,31,0
5864,41,48,0
5555,49,56,0
5555,66,73,0
10043,123,130,0
10043,140,147,0
11342,42,49,0
11342,59,66,0
3294,17,24,0
3294,34,41,0
12427,100,107,0
12427,117,124,0
890,87,94,0
890,104,111,0
6373,105,112,0
6373,122,129,0
8767,112,119,0
8767,129,136,0
2705,50,57,0
2705,67,74,0
2602,12,19,0
2602,29,36,0
8510,34,41,0
8510,51,58,0
10271,90,97,0
10271,107,114,0
13502,83,90,0
13502,100,107,0
9558,94,101,0
9558,111,118,0
10252,43,50,0
10252,60,67,0
7479,13,20,0
7479,30,37,0
1595,65,72,0
1595,82,89,0
11647,11,18,0
11647,28,35,0
13609,75,82,0
13609,92,99,0
2522,63,70,0
2522,80,87,0
8033,34,41,0
8033,51,58,0
7418,22,29,0
7418,39,46,0
12716,2,9,0
12716,19,26,0
13213,82,89,0
13213,99,106,0
10850,19,26,0
10850,36,43,0
10850,104,111,0
10850,121,128,0
12561,38,45,0
12561,55,62,0
8062,124,131,0
8062,141,148,0
9975,107,114,0
9975,124,131,0
4781,12,19,0
4781,29,36,0
3891,49,56,0
3891,66,73,0
3891,120,127,0
3891,137,144,0
3698,76,83,0
3698,93,100,0
7284,130,137,0
7284,147,154,0
5836,108,115,0
5836,125,132,0
12957,101,108,0
12957,118,125,0
6628,48,55,0
6628,65,72,0
8993,53,60,0
8993,70,77,0
5126,15,22,0
5126,32,39,0
10778,98,105,0
10778,115,122,0
8145,91,98,0
8145,108,115,0
8235,51,58,0
8235,68,75,0
5978,98,105,0
5978,115,122,0
10035,60,67,0
10035,77,84,0
2816,124,131,0
2816,141,148,0
3060,116,123,0
3060,133,140,0
346,81,88,0
346,98,105,0
3497,141,148,0
3497,158,165,0
162,16,23,0
162,33,40,0
819,113,120,0
819,130,137,0
980,60,67,0
980,77,84,0
6855,56,63,0
6855,73,80,0
9625,37,44,0
9625,54,61,0
9213,83,90,0
9213,100,107,0
7117,115,122,0
7117,132,139,0
8687,33,40,0
8687,50,57,0
7814,117,124,0
7814,134,141,0
842,83,90,0
842,100,107,0
842,112,119,0
842,129,136,0
5005,110,117,0
5005,127,134,0
5005,137,144,0
5005,154,161,0
9103,132,139,0
9103,149,156,0
11974,139,146,0
11974,156,163,0
10905,6,13,0
10905,23,30,0
2225,9,16,0
2225,26,33,0
3946,1,8,0
3946,18,25,0
2407,141,148,0
2407,158,165,0
667,113,120,0
667,130,137,0
12578,27,34,0
12578,44,51,0
13489,94,101,0
13489,111,118,0
11118,102,109,0
11118,119,126,0
7211,96,103,0
7211,113,120,0
11107,105,112,0
11107,122,129,0
11107,103,110,0
11107,120,127,0
11817,10,17,0
11817,27,34,0
9765,105,112,0
9765,122,129,0
2000,109,116,0
2000,126,133,0
11681,108,115,0
11681,125,132,0
12863,134,141,0
12863,151,158,0
4292,77,84,0
4292,94,101,0
11315,78,85,0
11315,95,102,0
4148,46,53,0
4148,63,70,0
3280,0,7,0
3280,17,24,0
10831,46,53,0
10831,63,70,0
2247,4,11,0
2247,21,28,0
11667,59,66,0
11667,76,83,0
12714,122,129,0
12714,139,146,0
11080,22,29,0
11080,39,46,0
5434,47,54,0
5434,64,71,0
8563,27,34,0
8563,44,51,0
10417,20,27,0
10417,37,44,0
4237,55,62,0
4237,72,79,0
13233,127,134,0
13233,144,151,0
5377,110,117,0
5377,127,134,0
5377,61,68,0
5377,78,85,0
205,79,86,0
205,96,103,0
8375,80,87,0
8375,97,104,0
1496,112,119,0
1496,129,136,0
1496,126,133,0
1496,143,150,0
2302,63,70,0
2302,80,87,0
10909,41,48,0
10909,58,65,0
2420,50,57,0
2420,67,74,0
2420,112,119,0
2420,129,136,0
8369,72,79,0
8369,89,96,0
3689,88,95,0
3689,105,112,0
5997,20,27,0
5997,37,44,0
5997,37,44,0
5997,54,61,0
11541,104,111,0
11541,121,128,0
5570,48,55,0
5570,65,72,0
4044,102,109,0
4044,119,126,0
8288,36,43,0
8288,53,60,0
7364,66,73,0
7364,83,90,0
235,76,83,0
235,93,100,0
2089,59,66,0
2089,76,83,0
13048,114,121,0
13048,131,138,0
5071,52,59,0
5071,69,76,0
5071,13,20,0
5071,30,37,0
10702,45,52,0
10702,62,69,0
11625,135,142,0
11625,152,159,0
13336,40,47,0
13336,57,64,0
13336,35,42,0
13336,52,59,0
6675,70,77,0
6675,87,94,0
11326,119,126,0
11326,136,143,0
11326,100,107,0
11326,117,124,0
2710,17,24,0
2710,34,41,0
11767,22,29,0
11767,39,46,0
10586,126,133,0
10586,143,150,0
11862,75,82,0
11862,92,99,0
4753,18,25,0
4753,35,42,0
10013,121,128,0
10013,138,145,0
5853,108,115,0
5853,125,132,0
5853,141,148,0
5853,158,165,0
775,69,76,0
775,86,93,0
6233,61,68,0
6233,78,85,0
13142,124,131,0
13142,141,148,0
1215,109,116,0
1215,126,133,0
3620,21,28,0
3620,38,45,0
815,78,85,0
815,95,102,0
10940,73,80,0
10940,90,97,0
11631,120,127,0
11631,137,144,0
12428,50,57,0
12428,67,74,0
2286,95,102,0
2286,112,119,0
321,67,74,0
321,84,91,0
5741,38,45,0
5741,55,62,0
1290,19,26,0
1290,36,43,0
9687,78,85,0
9687,95,102,0
13753,15,22,0
13753,32,39,0
5046,120,127,0
5046,137,144,0
5136,27,34,0
5136,44,51,0
4623,1,8,0
4623,18,25,0
1093,84,91,0
1093,101,108,0
6355,20,27,0
6355,37,44,0
5360,133,140,0
5360,150,157,0
12185,24,31,0
12185,41,48,0
2165,78,85,0
2165,95,102,0
7036,127,134,0
7036,144,151,0
2452,57,64,0
2452,74,81,0
5504,64,71,0
5504,81,88,0
11037,56,63,0
11037,73,80,0
13341,53,60,0
13341,70,77,0
8852,130,137,0
8852,147,154,0
9574,65,72,0
9574,82,89,0
10575,77,84,0
10575,94,101,0
412,6,13,0
412,23,30,0
2488,122,129,0
2488,139,146,0
3762,33,40,0
3762,50,57,0
3762,92,99,0
3762,109,116,0
4400,0,7,0
4400,17,24,0
2182,82,89,0
2182,99,106,0
10227,57,64,0
10227,74,81,0
12353,121,128,0
12353,138,145,0
1454,95,102,0
1454,112,119,0
4603,134,141,0
4603,151,158,0
520,12,19,0
520,29,36,0
11632,88,95,0
11632,105,112,0
1802,132,139,0
1802,149,156,0
12231,45,52,0
12231,62,69,0
6106,132,139,0
6106,149,156,0
10431,105,112,0
10431,122,129,0
5298,35,42,0
5298,52,59,0
8819,105,112,0
8819,122,129,0
8819,112,119,0
8819,129,136,0
11758,27,34,0
11758,44,51,0
103,141,148,0
103,158,165,0
6091,40,47,0
6091,57,64,0
6091,20,27,0
6091,37,44,0
9807,94,101,0
9807,111,118,0
12425,91,98,0
12425,108,115,0
8092,104,111,0
8092,121,128,0
4167,71,78,0
4167,88,95,0
2516,96,103,0
2516,113,120,0
13833,96,103,0
13833,113,120,0
8959,86,93,0
8959,103,110,0
3852,14,21,0
3852,31,38,0
7911,49,56,0
7911,66,73,0
9217,130,137,0
9217,147,154,0
8132,135,142,0
8132,152,159,0
13514,78,85,0
13514,95,102,0
13514,16,23,0
13514,33,40,0
12906,82,89,0
12906,99,106,0
5227,125,132,0
5227,142,149,0
8008,118,125,0
8008,135,142,0
5129,107,114,0
5129,124,131,0
9258,110,117,0
9258,127,134,0
4943,44,51,0
4943,61,68,0
5365,7,14,0
5365,24,31,0
11523,29,36,0
11523,46,53,0
9376,31,38,0
9376,48,55,0
5556,17,24,0
5556,34,41,0
10066,121,128,0
10066,138,145,0
9346,83,90,0
9346,100,107,0
9346,125,132,0
9346,142,149,0
9346,17,24,0
9346,34,41,0
8499,112,119,0
8499,129,136,0
8499,128,135,0
8499,145,152,0
3785,83,90,0
3785,100,107,0
2708,28,35,0
2708,45,52,0
2708,136,143,0
2708,153,160,0
11067,57,64,0
11067,74,81,0
2656,136,143,0
2656,153,160,0
2803,100,107,0
2803,117,124,0
4322,53,60,0
4322,70,77,0
10803,115,122,0
10803,132,139,0
12915,31,38,0
12915,48,55,0
657,51,58,0
657,68,75,0
455,1,8,0
455,18,25,0
8263,109,116,0
8263,126,133,0
12242,49,56,0
12242,66,73,0
9996,100,107,0
9996,117,124,0
6211,35,42,0
6211,52,59,0
573,133,140,0
573,150,157,0
11845,10,17,0
11845,27,34,0
7350,44,51,0
7350,61,68,0
7350,26,33,0
7350,43,50,0
2557,3,10,0
2557,20,27,0
5090,127,134,0
5090,144,151,0
4361,2,9,0
4361,19,26,0
8028,80,87,0
8028,97,104,0
3800,128,135,0
3800,145,152,0
3702,96,103,0
3702,113,120,0
939,107,114,0
939,124,131,0
9971,10,17,0
9971,27,34,0
717,111,118,0
717,128,135,0
717,107,114,0
717,124,131,0
11802,88,95,0
11802,105,112,0
8962,127,134,0
8962,144,151,0
5682,0,7,0
5682,17,24,0
12038,74,81,0
12038,91,98,0
9734,4,11,0
9734,21,28,0
9734,47,54,0
9734,64,71,0
2212,57,64,0
2212,74,81,0
12294,19,26,0
12294,36,43,0
9671,14,21,0
9671,31,38,0
7908,40,47,0
7908,57,64,0
7908,45,52,0
7908,62,69,0
7237,84,91,0
7237,101,108,0
7237,64,71,0
7237,81,88,0
6636,93,100,0
6636,110,117,0
6636,133,140,0
6636,150,157,0
4236,125,132,0
4236,142,149,0
7052,108,115,0
7052,125,132,0
12887,82,89,0
12887,99,106,0
13369,59,66,0
13369,76,83,0
13369,79,86,0
13369,96,103,0
13369,102,109,0
13369,119,126,0
4822,25,32,0
4822,42,49,0
4822,69,76,0
4822,86,93,0
13483,32,39,0
13483,49,56,0
2678,85,92,0
2678,102,109,0
11873,118,125,0
11873,135,142,0
248,86,93,0
248,103,110,0
9487,76,83,0
9487,93,100,0
8433,129,136,0
8433,146,153,0
12697,90,97,0
12697,107,114,0
7430,39,46,0
7430,56,63,0
3594,63,70,0
3594,80,87,0
3594,125,132,0
3594,142,149,0
3594,39,46,0
3594,56,63,0
9756,18,25,0
9756,35,42,0
9867,90,97,0
9867,107,114,0
13794,96,103,0
13794,113,120,0
9690,48,55,0
9690,65,72,0
13521,29,36,0
13521,46,53,0
1982,138,145,0
1982,155,162,0
4801,97,104,0
4801,114,121,0
13762,126,133,0
13762,143,150,0
8911,63,70,0
8911,80,87,0
10977,12,19,0
10977,29,36,0
3571,112,119,0
3571,129,136,0
4666,20,27,0
4666,37,44,0
7857,115,122,0
7857,132,139,0
5268,98,105,0
5268,115,122,0
2315,116,123,0
2315,133,140,0
10140,29,36,0
10140,46,53,0
8468,55,62,0
8468,72,79,0
8468,53,60,0
8468,70,77,0
839,127,134,0
839,144,151,0
13013,53,60,0
13013,70,77,0
6028,26,33,0
6028,43,50,0
2336,84,91,0
2336,101,108,0
5629,51,58,0
5629,68,75,0
7682,78,85,0
7682,95,102,0
10132,8,15,0
10132,25,32,0
13077,117,124,0
13077,134,141,0
11458,110,117,0
11458,127,134,0
11458,75,82,0
11458,92,99,0
8760,91,98,0
8760,108,115,0
2368,15,22,0
2368,32,39,0
12733,68,75,0
12733,85,92,0
4434,44,51,0
4434,61,68,0
6525,67,74,0
6525,84,91,0
11400,105,112,0
11400,122,129,0
3505,74,81,0
3505,91,98,0
8204,119,126,0
8204,136,143,0
10728,123,130,0
10728,140,147,0
11987,124,131,0
11987,141,148,0
8590,20,27,0
8590,37,44,0
2332,124,131,0
2332,141,148,0
11925,124,131,0
11925,141,148,0
11925,38,45,0
11925,55,62,0
6439,90,97,0
6439,107,114,0
12738,21,28,0
12738,38,45,0
9991,30,37,0
9991,47,54,0
12447,10,17,0
12447,27,34,0
12447,83,90,0
12447,100,107,0
10337,62,69,0
10337,79,86,0
8579,39,46,0
8579,56,63,0
603,91,98,0
603,108,115,0
344,74,81,0
344,91,98,0
13596,117,124,0
13596,134,141,0
10326,76,83,0
10326,93,100,0
7716,140,147,0
7716,157,164,0
7716,30,37,0
7716,47,54,0
12799,115,122,0
12799,132,139,0
2227,83,90,0
2227,100,107,0
1716,15,22,0
1716,32,39,0
1716,130,137,0
1716,147,154,0
5448,74,81,0
5448,91,98,0
12436,63,70,0
12436,80,87,0
7794,88,95,0
7794,105,112,0
11238,60,67,0
11238,77,84,0
10525,109,116,0
10525,126,133,0
11887,4,11,0
11887,21,28,0
11887,106,113,0
11887,123,130,0
3550,34,41,0
3550,51,58,0
12919,96,103,0
12919,113,120,0
13386,126,133,0
13386,143,150,0
7381,1,8,0
7381,18,25,0
98,3,10,0
98,20,27,0
3934,105,112,0
3934,122,129,0
9085,72,79,0
9085,89,96,0
10602,25,32,0
10602,42,49,0
75,116,123,0
75,133,140,0
5362,11,18,0
5362,28,35,0
2492,86,93,0
2492,103,110,0
10452,131,138,0
10452,148,155,0
10563,34,41,0
10563,51,58,0
1372,81,88,0
1372,98,105,0
6192,46,53,0
6192,63,70,0
3318,127,134,0
3318,144,151,0
7382,130,137,0
7382,147,154,0
9592,56,63,0
9592,73,80,0
4547,63,70,0
4547,80,87,0
4547,45,52,0
4547,62,69,0
3556,68,75,0
3556,85,92,0
3556,88,95,0
3556,105,112,0
12301,74,81,0
12301,91,98,0
13023,126,133,0
13023,143,150,0
9318,97,104,0
9318,114,121,0
5175,60,67,0
5175,77,84,0
5339,132,139,0
5339,149,156,0
12685,85,92,0
12685,102,109,0
12685,61,68,0
12685,78,85,0
8047,139,146,0
8047,156,163,0
8997,31,38,0
8997,48,55,0
8997,12,19,0
8997,29,36,0
10052,129,136,0
10052,146,153,0
9868,110,117,0
9868,127,134,0
9868,128,135,0
9868,145,152,0
2189,68,75,0
2189,85,92,0
13515,129,136,0
13515,146,153,0
11393,2,9,0
11393,19,26,0
11393,56,63,0
11393,73,80,0
2681,113,120,0
2681,130,137,0
8810,131,138,0
8810,148,155,0
4530,107,114,0
4530,124,131,0
12245,5,12,0
12245,22,29,0
4065,123,130,0
4065,140,147,0
402,128,135,0
402,145,152,0
11867,112,119,0
11867,129,136,0
10627,97,104,0
10627,114,121,0
6190,83,90,0
6190,100,107,0
6190,78,85,0
6190,95,102,0
8714,41,48,0
8714,58,65,0
454,85,92,0
454,102,109,0
2129,75,82,0
2129,92,99,0
10070,114,121,0
10070,131,138,0
11760,25,32,0
11760,42,49,0
2987,4,11,0
2987,21,28,0
5772,117,124,0
5772,134,141,0
12546,108,115,0
12546,125,132,0
3540,62,69,0
3540,79,86,0
9530,106,113,0
9530,123,130,0
4436,29,36,0
4436,46,53,0
2078,76,83,0
2078,93,100,0
9157,121,128,0
9157,138,145,0
1289,1,8,0
1289,18,25,0
8542,43,50,0
8542,60,67,0
8542,93,100,0
8542,110,117,0
1271,89,96,0
1271,106,113,0
7953,75,82,0
7953,92,99,0
11576,34,41,0
11576,51,58,0
1085,24,31,0
1085,41,48,0
6614,93,100,0
6614,110,117,0
9779,67,74,0
9779,84,91,0
133,122,129,0
133,139,146,0
133,97,104,0
133,114,121,0
133,26,33,0
133,43,50,0
4359,60,67,0
4359,77,84,0
2331,2,9,0
2331,19,26,0
10028,66,73,0
10028,83,90,0
10028,1,8,0
10028,18,25,0
7062,121,128,0
7062,138,145,0
758,25,32,0
758,42,49,0
11003,1,8,0
11003,18,25,0
1473,57,64,0
1473,74,81,0
1473,24,31,0
1473,41,48,0
150,121,128,0
150,138,145,0
150,8,15,0
150,25,32,0
9582,111,118,0
9582,128,135,0
7086,127,134,0
7086,144,151,0
12628,136,143,0
12628,153,160,0
12628,106,113,0
12628,123,130,0
5441,125,132,0
5441,142,149,0
7359,55,62,0
7359,72,79,0
7359,22,29,0
7359,39,46,0
7359,115,122,0
7359,132,139,0
9320,53,60,0
9320,70,77,0
10112,60,67,0
10112,77,84,0
10249,98,105,0
10249,115,122,0
10117,45,52,0
10117,62,69,0
1360,65,72,0
1360,82,89,0
8415,68,75,0
8415,85,92,0
11192,109,116,0
11192,126,133,0
8691,55,62,0
8691,72,79,0
275,23,30,0
275,40,47,0
5294,99,106,0
5294,116,123,0
5735,10,17,0
5735,27,34,0
6972,141,148,0
6972,158,165,0
1459,26,33,0
1459,43,50,0
8887,123,130,0
8887,140,147,0
8240,114,121,0
8240,131,138,0
8240,16,23,0
8240,33,40,0
10815,34,41,0
10815,51,58,0
11710,92,99,0
11710,109,116,0
10212,62,69,0
10212,79,86,0
6474,3,10,0
6474,20,27,0
11562,66,73,0
11562,83,90,0
7844,20,27,0
7844,37,44,0
9204,16,23,0
9204,33,40,0
2887,107,114,0
2887,124,131,0
463,57,64,0
463,74,81,0
5587,43,50,0
5587,60,67,0
1855,119,126,0
1855,136,143,0
13549,17,24,0
13549,34,41,0
1919,36,43,0
1919,53,60,0
946,1,8,0
946,18,25,0
3385,22,29,0
3385,39,46,0
2580,95,102,0
2580,112,119,0
10366,133,140,0
10366,150,157,0
2942,75,82,0
2942,92,99,0
12491,91,98,0
12491,108,115,0
11252,48,55,0
11252,65,72,0
12869,99,106,0
12869,116,123,0
9378,36,43,0
9378,53,60,0
2404,108,115,0
2404,125,132,0
2404,96,103,0
2404,113,120,0
7407,65,72,0
7407,82,89,0
13354,12,19,0
13354,29,36,0
9750,26,33,0
9750,43,50,0
5462,5,12,0
5462,22,29,0
10633,47,54,0
10633,64,71,0
8608,98,105,0
8608,115,122,0
8562,24,31,0
8562,41,48,0
8562,130,137,0
8562,147,154,0
11745,41,48,0
11745,58,65,0
9698,23,30,0
9698,40,47,0
8921,34,41,0
8921,51,58,0
8921,139,146,0
8921,156,163,0
6851,52,59,0
6851,69,76,0
6052,126,133,0
6052,143,150,0
4485,49,56,0
4485,66,73,0
13256,54,61,0
13256,71,78,0
8061,51,58,0
8061,68,75,0
9331,134,141,0
9331,151,158,0
9331,37,44,0
9331,54,61,0
4562,98,105,0
4562,115,122,0
13717,101,108,0
13717,118,125,0
1503,112,119,0
1503,129,136,0
5102,130,137,0
5102,147,154,0
3019,70,77,0
3019,87,94,0
3019,100,107,0
3019,117,124,0
12332,128,135,0
12332,145,152,0
11416,130,137,0
11416,147,154,0
4891,81,88,0
4891,98,105,0
4628,2,9,0
4628,19,26,0
4403,18,25,0
4403,35,42,0
10882,111,118,0
10882,128,135,0
12487,101,108,0
12487,118,125,0
8289,83,90,0
8289,100,107,0
8875,46,53,0
8875,63,70,0
2923,110,117,0
2923,127,134,0
7422,57,64,0
7422,74,81,0
7422,117,124,0
7422,134,141,0
13259,11,18,0
13259,28,35,0
10486,3,10,0
10486,20,27,0
7124,112,119,0
7124,129,136,0
11682,125,132,0
11682,142,149,0
1537,31,38,0
1537,48,55,0
591,68,75,0
591,85,92,0
4430,129,136,0
4430,146,153,0
7065,25,32,0
7065,42,49,0
5297,13,20,0
5297,30,37,0
1727,99,106,0
1727,116,123,0
3123,81,88,0
3123,98,105,0
5803,15,22,0
5803,32,39,0
5803,128,135,0
5803,145,152,0
1402,126,133,0
1402,143,150,0
6773,55,62,0
6773,72,79,0
8916,124,131,0
8916,141,148,0
4847,12,19,0
4847,29,36,0
3575,27,34,0
3575,44,51,0
3575,105,112,0
3575,122,129,0
10298,50,57,0
10298,67,74,0
13201,38,45,0
13201,55,62,0
11146,47,54,0
11146,64,71,0
6295,93,100,0
6295,110,117,0
5095,96,103,0
5095,113,120,0
7779,123,130,0
7779,140,147,0
7779,71,78,0
7779,88,95,0
2190,24,31,0
2190,41,48,0
13668,87,94,0
13668,104,111,0
11722,87,94,0
11722,104,111,0
1833,77,84,0
1833,94,101,0
4680,52,59,0
4680,69,76,0
4013,121,128,0
4013,138,145,0
5245,29,36,0
5245,46,53,0
12914,87,94,0
12914,104,111,0
10959,116,123,0
10959,133,140,0
10959,10,17,0
10959,27,34,0
2961,136,143,0
2961,153,160,0
4364,91,98,0
4364,108,115,0
13858,71,78,0
13858,88,95,0
1414,74,81,0
1414,91,98,0
3279,29,36,0
3279,46,53,0
13877,102,109,0
13877,119,126,0
3725,75,82,0
3725,92,99,0
2618,84,91,0
2618,101,108,0
11811,29,36,0
11811,46,53,0
5878,111,118,0
5878,128,135,0
12632,66,73,0
12632,83,90,0
6449,90,97,0
6449,107,114,0
12108,91,98,0
12108,108,115,0
5463,110,117,0
5463,127,134,0
9580,93,100,0
9580,110,117,0
13325,4,11,0
13325,21,28,0
7434,124,131,0
7434,141,148,0
12592,141,148,0
12592,158,165,0
11913,105,112,0
11913,122,129,0
3425,15,22,0
3425,32,39,0
4559,3,10,0
4559,20,27,0
13480,107,114,0
13480,124,131,0
10065,24,31,0
10065,41,48,0
2003,116,123,0
2003,133,140,0
4844,38,45,0
4844,55,62,0
11060,103,110,0
11060,120,127,0
13626,133,140,0
13626,150,157,0
9420,108,115,0
9420,125,132,0
10363,110,117,0
10363,127,134,0
10363,36,43,0
10363,53,60,0
7317,133,140,0
7317,150,157,0
8302,23,30,0
8302,40,47,0
245,100,107,0
245,117,124,0
7452,98,105,0
7452,115,122,0
10,110,117,0
10,127,134,0
5593,72,79,0
5593,89,96,0
5593,49,56,0
5593,66,73,0
6372,34,41,0
6372,51,58,0
13600,101,108,0
13600,118,125,0
13600,13,20,0
13600,30,37,0
8265,22,29,0
8265,39,46,0
1370,48,55,0
1370,65,72,0
3388,93,100,0
3388,110,117,0
6718,5,12,0
6718,22,29,0
760,104,111,0
760,121,128,0
11951,132,139,0
11951,149,156,0
10446,39,46,0
10446,56,63,0
2864,119,126,0
2864,136,143,0
2893,78,85,0
2893,95,102,0
11446,102,109,0
11446,119,126,0
7056,5,12,0
7056,22,29,0
7056,22,29,0
7056,39,46,0
7056,136,143,0
7056,153,160,0
6213,94,101,0
6213,111,118,0
11893,91,98,0
11893,108,115,0
11750,133,140,0
11750,150,157,0
9077,22,29,0
9077,39,46,0
8169,18,25,0
8169,35,42,0
3124,76,83,0
3124,93,100,0
5699,124,131,0
5699,141,148,0
13860,73,80,0
13860,90,97,0
13652,65,72,0
13652,82,89,0
6510,62,69,0
6510,79,86,0
3232,46,53,0
3232,63,70,0
132,55,62,0
132,72,79,0
132,5,12,0
132,22,29,0
13331,38,45,0
13331,55,62,0
11286,40,47,0
11286,57,64,0
5634,113,120,0
5634,130,137,0
12768,1,8,0
12768,18,25,0
13504,31,38,0
13504,48,55,0
11428,0,7,0
11428,17,24,0
4799,85,92,0
4799,102,109,0
1989,115,122,0
1989,132,139,0
8558,24,31,0
8558,41,48,0
12331,40,47,0
12331,57,64,0
2679,37,44,0
2679,54,61,0
4175,129,136,0
4175,146,153,0
10062,21,28,0
10062,38,45,0
125,106,113,0
125,123,130,0
4670,65,72,0
4670,82,89,0
4670,53,60,0
4670,70,77,0
3265,2,9,0
3265,19,26,0
8502,13,20,0
8502,30,37,0
4571,116,123,0
4571,133,140,0
10675,71,78,0
10675,88,95,0
6272,123,130,0
6272,140,147,0
6272,104,111,0
6272,121,128,0
2635,58,65,0
2635,75,82,0
6747,131,138,0
6747,148,155,0
10522,9,16,0
10522,26,33,0
5991,109,116,0
5991,126,133,0
6705,132,139,0
6705,149,156,0
729,0,7,0
729,17,24,0
3291,76,83,0
3291,93,100,0
11651,89,96,0
11651,106,113,0
11836,119,126,0
11836,136,143,0
6221,3,10,0
6221,20,27,0
4671,123,130,0
4671,140,147,0
8386,19,26,0
8386,36,43,0
8386,71,78,0
8386,88,95,0
6282,74,81,0
6282,91,98,0
10508,74,81,0
10508,91,98,0
3042,86,93,0
3042,103,110,0
4755,10,17,0
4755,27,34,0
11373,102,109,0
11373,119,126,0
2478,123,130,0
2478,140,147,0
2478,46,53,0
2478,63,70,0
7800,129,136,0
7800,146,153,0
1301,93,100,0
1301,110,117,0
5118,117,124,0
5118,134,141,0
6024,16,23,0
6024,33,40,0
5224,128,135,0
5224,145,152,0
3191,25,32,0
3191,42,49,0
6261,101,108,0
6261,118,125,0
12407,105,112,0
12407,122,129,0
13657,10,17,0
13657,27,34,0
4205,115,122,0
4205,132,139,0
4205,139,146,0
4205,156,163,0
7242,18,25,0
7242,35,42,0
11877,73,80,0
11877,90,97,0
5144,125,132,0
5144,142,149,0
883,45,52,0
883,62,69,0
8457,116,123,0
8457,133,140,0
8457,111,118,0
8457,128,135,0
2370,112,119,0
2370,129,136,0
7629,125,132,0
7629,142,149,0
13527,110,117,0
13527,127,134,0
4997,21,28,0
4997,38,45,0
3758,24,31,0
3758,41,48,0
4443,39,46,0
4443,56,63,0
2787,34,41,0
2787,51,58,0
13052,68,75,0
13052,85,92,0
1112,38,45,0
1112,55,62,0
6951,84,91,0
6951,101,108,0
6687,46,53,0
6687,63,70,0
6834,128,135,0
6834,145,152,0
116,83,90,0
116,100,107,0
11302,69,76,0
11302,86,93,0
8513,45,52,0
8513,62,69,0
1204,131,138,0
1204,148,155,0
1204,96,103,0
1204,113,120,0
9253,90,97,0
9253,107,114,0
9986,28,35,0
9986,45,52,0
1495,110,117,0
1495,127,134,0
3327,127,134,0
3327,144,151,0
12775,44,51,0
12775,61,68,0
12769,110,117,0
12769,127,134,0
87,24,31,0
87,41,48,0
5648,13,20,0
5648,30,37,0
2177,136,143,0
2177,153,160,0
261,94,101,0
261,111,118,0
6212,64,71,0
6212,81,88,0
5932,126,133,0
5932,143,150,0
1832,48,55,0
1832,65,72,0
7096,78,85,0
7096,95,102,0
4707,98,105,0
4707,115,122,0
6325,54,61,0
6325,71,78,0
1253,141,148,0
1253,158,165,0
891,106,113,0
891,123,130,0
6236,65,72,0
6236,82,89,0
5515,52,59,0
5515,69,76,0
11051,48,55,0
11051,65,72,0
12875,24,31,0
12875,41,48,0
1476,135,142,0
1476,152,159,0
129,77,84,0
129,94,101,0
11939,47,54,0
11939,64,71,0
1162,48,55,0
1162,65,72,0
9929,45,52,0
9929,62,69,0
13766,72,79,0
13766,89,96,0
13766,15,22,0
13766,32,39,0
7001,116,123,0
7001,133,140,0
7243,69,76,0
7243,86,93,0
3661,76,83,0
3661,93,100,0
9758,22,29,0
9758,39,46,0
8399,131,138,0
8399,148,155,0
10966,128,135,0
10966,145,152,0
12326,95,102,0
12326,112,119,0
12565,39,46,0
12565,56,63,0
8330,82,89,0
8330,99,106,0
6188,65,72,0
6188,82,89,0
12358,88,95,0
12358,105,112,0
12380,44,51,0
12380,61,68,0
6727,141,148,0
6727,158,165,0
13625,33,40,0
13625,50,57,0
12822,18,25,0
12822,35,42,0
2333,113,120,0
2333,130,137,0
13166,81,88,0
13166,98,105,0
12751,51,58,0
12751,68,75,0
13380,24,31,0
13380,41,48,0
11730,68,75,0
11730,85,92,0
1945,32,39,0
1945,49,56,0
7440,113,120,0
7440,130,137,0
7440,99,106,0
7440,116,123,0
5352,36,43,0
5352,53,60,0
3915,108,115,0
3915,125,132,0
1877,29,36,0
1877,46,53,0
7070,97,104,0
7070,114,121,0
5439,8,15,0
5439,25,32,0
6795,138,145,0
6795,155,162,0
12948,128,135,0
12948,145,152,0
7042,71,78,0
7042,88,95,0
12700,9,16,0
12700,26,33,0
2367,137,144,0
2367,154,161,0
7285,84,91,0
7285,101,108,0
12762,36,43,0
12762,53,60,0
6275,49,56,0
6275,66,73,0
1991,106,113,0
1991,123,130,0
1991,90,97,0
1991,107,114,0
2752,141,148,0
2752,158,165,0
8682,110,117,0
8682,127,134,0
4307,7,14,0
4307,24,31,0
1328,65,72,0
1328,82,89,0
2658,113,120,0
2658,130,137,0
3382,33,40,0
3382,50,57,0
7791,64,71,0
7791,81,88,0
9883,72,79,0
9883,89,96,0
8776,106,113,0
8776,123,130,0
13385,140,147,0
13385,157,164,0
6593,49,56,0
6593,66,73,0
7054,94,101,0
7054,111,118,0
7054,80,87,0
7054,97,104,0
7054,130,137,0
7054,147,154,0
8200,96,103,0
8200,113,120,0
11377,122,129,0
11377,139,146,0
5540,50,57,0
5540,67,74,0
12862,11,18,0
12862,28,35,0
13134,12,19,0
13134,29,36,0
13134,35,42,0
13134,52,59,0
9035,73,80,0
9035,90,97,0
3413,62,69,0
3413,79,86,0
5198,100,107,0
5198,117,124,0
7129,135,142,0
7129,152,159,0
10857,44,51,0
10857,61,68,0
4496,65,72,0
4496,82,89,0
9013,118,125,0
9013,135,142,0
8280,3,10,0
8280,20,27,0
13310,34,41,0
13310,51,58,0
10853,110,117,0
10853,127,134,0
1198,5,12,0
1198,22,29,0
7765,94,101,0
7765,111,118,0
6702,115,122,0
6702,132,139,0
12459,81,88,0
12459,98,105,0
6757,51,58,0
6757,68,75,0
1072,105,112,0
1072,122,129,0
6564,110,117,0
6564,127,134,0
6564,94,101,0
6564,111,118,0
928,69,76,0
928,86,93,0
10610,113,120,0
10610,130,137,0
4503,53,60,0
4503,70,77,0
51,49,56,0
51,66,73,0
514,135,142,0
514,152,159,0
7966,105,112,0
7966,122,129,0
6137,102,109,0
6137,119,126,0
8196,124,131,0
8196,141,148,0
1151,125,132,0
1151,142,149,0
8275,118,125,0
8275,135,142,0
3902,51,58,0
3902,68,75,0
10209,83,90,0
10209,100,107,0
1354,114,121,0
1354,131,138,0
8922,126,133,0
8922,143,150,0
8922,28,35,0
8922,45,52,0
7954,54,61,0
7954,71,78,0
12440,85,92,0
12440,102,109,0
12440,64,71,0
12440,81,88,0
8769,61,68,0
8769,78,85,0
13487,116,123,0
13487,133,140,0
1561,73,80,0
1561,90,97,0
1561,101,108,0
1561,118,125,0
10332,86,93,0
10332,103,110,0
11704,39,46,0
11704,56,63,0
5672,118,125,0
5672,135,142,0
7655,122,129,0
7655,139,146,0
7253,10,17,0
7253,27,34,0
7253,24,31,0
7253,41,48,0
7253,112,119,0
7253,129,136,0
9190,30,37,0
9190,47,54,0
12696,83,90,0
12696,100,107,0
2815,25,32,0
2815,42,49,0
7775,76,83,0
7775,93,100,0
10344,89,96,0
10344,106,113,0
7235,13,20,0
7235,30,37,0
11352,28,35,0
11352,45,52,0
1770,120,127,0
1770,137,144,0
9950,19,26,0
9950,36,43,0
9950,80,87,0
9950,97,104,0
13003,89,96,0
13003,106,113,0
10208,48,55,0
10208,65,72,0
4427,103,110,0
4427,120,127,0
11825,76,83,0
11825,93,100,0
11825,43,50,0
11825,60,67,0
11165,63,70,0
11165,80,87,0
11165,123,130,0
11165,140,147,0
4204,38,45,0
4204,55,62,0
6245,1,8,0
6245,18,25,0
6245,41,48,0
6245,58,65,0
8855,127,134,0
8855,144,151,0
11262,82,89,0
11262,99,106,0
4959,48,55,0
4959,65,72,0
2105,34,41,0
2105,51,58,0
2105,84,91,0
2105,101,108,0
13726,8,15,0
13726,25,32,0
6746,101,108,0
6746,118,125,0
7718,123,130,0
7718,140,147,0
12214,25,32,0
12214,42,49,0
12214,131,138,0
12214,148,155,0
8795,123,130,0
8795,140,147,0
3829,136,143,0
3829,153,160,0
12213,100,107,0
12213,117,124,0
5058,133,140,0
5058,150,157,0
1366,38,45,0
1366,55,62,0
1869,117,124,0
1869,134,141,0
9198,6,13,0
9198,23,30,0
8124,66,73,0
8124,83,90,0
3149,101,108,0
3149,118,125,0
13119,15,22,0
13119,32,39,0
8259,51,58,0
8259,68,75,0
12370,75,82,0
12370,92,99,0
8015,92,99,0
8015,109,116,0
6115,52,59,0
6115,69,76,0
3599,141,148,0
3599,158,165,0
6494,42,49,0
6494,59,66,0
8374,117,124,0
8374,134,141,0
4856,77,84,0
4856,94,101,0
11600,126,133,0
11600,143,150,0
2439,86,93,0
2439,103,110,0
2423,72,79,0
2423,89,96,0
4898,104,111,0
4898,121,128,0
7535,99,106,0
7535,116,123,0
10597,59,66,0
10597,76,83,0
10844,76,83,0
10844,93,100,0
4866,76,83,0
4866,93,100,0
1420,62,69,0
1420,79,86,0
10200,11,18,0
10200,28,35,0
10200,42,49,0
10200,59,66,0
10088,31,38,0
10088,48,55,0
2868,125,132,0
2868,142,149,0
3870,125,132,0
3870,142,149,0
5783,54,61,0
5783,71,78,0
12004,25,32,0
12004,42,49,0
9817,16,23,0
9817,33,40,0
198,121,128,0
198,138,145,0
198,65,72,0
198,82,89,0
6551,125,132,0
6551,142,149,0
3977,108,115,0
3977,125,132,0
3977,47,54,0
3977,64,71,0
9296,75,82,0
9296,92,99,0
5205,67,74,0
5205,84,91,0
5665,42,49,0
5665,59,66,0
3417,14,21,0
3417,31,38,0
2251,88,95,0
2251,105,112,0
12095,130,137,0
12095,147,154,0
2246,12,19,0
2246,29,36,0
9856,57,64,0
9856,74,81,0
12217,118,125,0
12217,135,142,0
6265,44,51,0
6265,61,68,0
12898,95,102,0
12898,112,119,0
572,26,33,0
572,43,50,0
8138,105,112,0
8138,122,129,0
2487,124,131,0
2487,141,148,0
2487,129,136,0
2487,146,153,0
2938,73,80,0
2938,90,97,0
398,134,141,0
398,151,158,0
218,53,60,0
218,70,77,0
12537,112,119,0
12537,129,136,0
7265,128,135,0
7265,145,152,0
12091,128,135,0
12091,145,152,0
13692,28,35,0
13692,45,52,0
3585,100,107,0
3585,117,124,0
1209,107,114,0
1209,124,131,0
8500,85,92,0
8500,102,109,0
5553,65,72,0
5553,82,89,0
1887,49,56,0
1887,66,73,0
7820,14,21,0
7820,31,38,0
1317,50,57,0
1317,67,74,0
9478,66,73,0
9478,83,90,0
13505,132,139,0
13505,149,156,0
13403,19,26,0
13403,36,43,0
7415,124,131,0
7415,141,148,0
4080,125,132,0
4080,142,149,0
8296,116,123,0
8296,133,140,0
8296,89,96,0
8296,106,113,0
1863,120,127,0
1863,137,144,0
888,52,59,0
888,69,76,0
9276,112,119,0
9276,129,136,0
12022,129,136,0
12022,146,153,0
7956,59,66,0
7956,76,83,0
4382,84,91,0
4382,101,108,0
7019,129,136,0
7019,146,153,0
7781,36,43,0
7781,53,60,0
3834,47,54,0
3834,64,71,0
11047,141,148,0
11047,158,165,0
1934,61,68,0
1934,78,85,0
2977,105,112,0
2977,122,129,0
12640,20,27,0
12640,37,44,0
3241,131,138,0
3241,148,155,0
9316,81,88,0
9316,98,105,0
9316,62,69,0
9316,79,86,0
7007,18,25,0
7007,35,42,0
661,108,115,0
661,125,132,0
8821,88,95,0
8821,105,112,0
5924,108,115,0
5924,125,132,0
11429,1,8,0
11429,18,25,0
3037,99,106,0
3037,116,123,0
2041,51,58,0
2041,68,75,0
10241,91,98,0
10241,108,115,0
9472,32,39,0
9472,49,56,0
7090,54,61,0
7090,71,78,0
13335,109,116,0
13335,126,133,0
13335,107,114,0
13335,124,131,0
12466,16,23,0
12466,33,40,0
1672,73,80,0
1672,90,97,0
10695,72,79,0
10695,89,96,0
10171,82,89,0
10171,99,106,0
11019,123,130,0
11019,140,147,0
6699,116,123,0
6699,133,140,0
6699,111,118,0
6699,128,135,0
4584,99,106,0
4584,116,123,0
4584,132,139,0
4584,149,156,0
6031,129,136,0
6031,146,153,0
11861,60,67,0
11861,77,84,0
10648,24,31,0
10648,41,48,0
7394,63,70,0
7394,80,87,0
12495,82,89,0
12495,99,106,0
4890,31,38,0
4890,48,55,0
3521,11,18,0
3521,28,35,0
7489,9,16,0
7489,26,33,0
6758,138,145,0
6758,155,162,0
8036,72,79,0
8036,89,96,0
13811,60,67,0
13811,77,84,0
2082,17,24,0
2082,34,41,0
13826,82,89,0
13826,99,106,0
8445,99,106,0
8445,116,123,0
13305,122,129,0
13305,139,146,0
13305,60,67,0
13305,77,84,0
1836,100,107,0
1836,117,124,0
12797,116,123,0
12797,133,140,0
11697,73,80,0
11697,90,97,0
2467,102,109,0
2467,119,126,0
4126,120,127,0
4126,137,144,0
12724,22,29,0
12724,39,46,0
12892,134,141,0
12892,151,158,0
10777,27,34,0
10777,44,51,0
10777,92,99,0
10777,109,116,0
1876,123,130,0
1876,140,147,0
12430,29,36,0
12430,46,53,0
10555,42,49,0
10555,59,66,0
10555,125,132,0
10555,142,149,0
12041,115,122,0
12041,132,139,0
1232,129,136,0
1232,146,153,0
5578,36,43,0
5578,53,60,0
11210,34,41,0
11210,51,58,0
12098,111,118,0
12098,128,135,0
9200,84,91,0
9200,101,108,0
5574,34,41,0
5574,51,58,0
6537,19,26,0
6537,36,43,0
3063,128,135,0
3063,145,152,0
7680,123,130,0
7680,140,147,0
6138,129,136,0
6138,146,153,0
4243,126,133,0
4243,143,150,0
1536,121,128,0
1536,138,145,0
10228,127,134,0
10228,144,151,0
5651,61,68,0
5651,78,85,0
2076,44,51,0
2076,61,68,0
3083,15,22,0
3083,32,39,0
9501,59,66,0
9501,76,83,0
1888,108,115,0
1888,125,132,0
4942,95,102,0
4942,112,119,0
10849,25,32,0
10849,42,49,0
9033,85,92,0
9033,102,109,0
913,106,113,0
913,123,130,0
6043,90,97,0
6043,107,114,0
6790,109,116,0
6790,126,133,0
2831,82,89,0
2831,99,106,0
13924,114,121,0
13924,131,138,0
13924,56,63,0
13924,73,80,0
13636,113,120,0
13636,130,137,0
13519,117,124,0
13519,134,141,0
3332,36,43,0
3332,53,60,0
6599,22,29,0
6599,39,46,0
7178,60,67,0
7178,77,84,0
3238,32,39,0
3238,49,56,0
7734,55,62,0
7734,72,79,0
3461,107,114,0
3461,124,131,0
5751,112,119,0
5751,129,136,0
2993,127,134,0
2993,144,151,0
9861,113,120,0
9861,130,137,0
900,133,140,0
900,150,157,0
8278,110,117,0
8278,127,134,0
8862,31,38,0
8862,48,55,0
11563,131,138,0
11563,148,155,0
104,90,97,0
104,107,114,0
5976,69,76,0
5976,86,93,0
7327,31,38,0
7327,48,55,0
6957,118,125,0
6957,135,142,0
5544,96,103,0
5544,113,120,0
12801,131,138,0
12801,148,155,0
1816,79,86,0
1816,96,103,0
11920,33,40,0
11920,50,57,0
1438,117,124,0
1438,134,141,0
8863,33,40,0
8863,50,57,0
4930,54,61,0
4930,71,78,0
8897,6,13,0
8897,23,30,0
12901,53,60,0
12901,70,77,0
12835,15,22,0
12835,32,39,0
12699,68,75,0
12699,85,92,0
3642,27,34,0
3642,44,51,0
9244,132,139,0
9244,149,156,0
12341,3,10,0
12341,20,27,0
13294,99,106,0
13294,116,123,0
5805,104,111,0
5805,121,128,0
3548,127,134,0
3548,144,151,0
13087,107,114,0
13087,124,131,0
3509,29,36,0
3509,46,53,0
11729,124,131,0
11729,141,148,0
11214,126,133,0
11214,143,150,0
13434,98,105,0
13434,115,122,0
1377,23,30,0
1377,40,47,0
13465,132,139,0
13465,149,156,0
13828,60,67,0
13828,77,84,0
13828,79,86,0
13828,96,103,0
11090,23,30,0
11090,40,47,0
11090,2,9,0
11090,19,26,0
8430,26,33,0
8430,43,50,0
3885,99,106,0
3885,116,123,0
3885,82,89,0
3885,99,106,0
11616,5,12,0
11616,22,29,0
9025,90,97,0
9025,107,114,0
6241,138,145,0
6241,155,162,0
6241,32,39,0
6241,49,56,0
7380,10,17,0
7380,27,34,0
1144,51,58,0
1144,68,75,0
6284,105,112,0
6284,122,129,0
122,71,78,0
122,88,95,0
13486,1,8,0
13486,18,25,0
13074,119,126,0
13074,136,143,0
10862,89,96,0
10862,106,113,0
2606,4,11,0
2606,21,28,0
2606,61,68,0
2606,78,85,0
11453,67,74,0
11453,84,91,0
201,69,76,0
201,86,93,0
9422,83,90,0
9422,100,107,0
9549,53,60,0
9549,70,77,0
12960,39,46,0
12960,56,63,0
10521,24,31,0
10521,41,48,0
12061,122,129,0
12061,139,146,0
12061,92,99,0
12061,109,116,0
10711,38,45,0
10711,55,62,0
1986,57,64,0
1986,74,81,0
8439,57,64,0
8439,74,81,0
3932,121,128,0
3932,138,145,0
3451,18,25,0
3451,35,42,0
13632,106,113,0
13632,123,130,0
3248,102,109,0
3248,119,126,0
1655,68,75,0
1655,85,92,0
6104,56,63,0
6104,73,80,0
6759,19,26,0
6759,36,43,0
10008,63,70,0
10008,80,87,0
1950,29,36,0
1950,46,53,0
6244,66,73,0
6244,83,90,0
1484,72,79,0
1484,89,96,0
6039,54,61,0
6039,71,78,0
1321,99,106,0
1321,116,123,0
4912,24,31,0
4912,41,48,0
7533,67,74,0
7533,84,91,0
11331,41,48,0
11331,58,65,0
1793,99,106,0
1793,116,123,0
11466,23,30,0
11466,40,47,0
5952,120,127,0
5952,137,144,0
10148,118,125,0
10148,135,142,0
9962,76,83,0
9962,93,100,0
3530,83,90,0
3530,100,107,0
8919,111,118,0
8919,128,135,0
6803,129,136,0
6803,146,153,0
6803,2,9,0
6803,19,26,0
1421,54,61,0
1421,71,78,0
1421,131,138,0
1421,148,155,0
10883,18,25,0
10883,35,42,0
10988,77,84,0
10988,94,101,0
6300,114,121,0
6300,131,138,0
2748,45,52,0
2748,62,69,0
4139,106,113,0
4139,123,130,0
10824,123,130,0
10824,140,147,0
6455,109,116,0
6455,126,133,0
6455,63,70,0
6455,80,87,0
6455,9,16,0
6455,26,33,0
13130,87,94,0
13130,104,111,0
3335,121,128,0
3335,138,145,0
2725,40,47,0
2725,57,64,0
13124,40,47,0
13124,57,64,0
8686,99,106,0
8686,116,123,0
10020,86,93,0
10020,103,110,0
10020,136,143,0
10020,153,160,0
11818,16,23,0
11818,33,40,0
11752,134,141,0
11752,151,158,0
4626,105,112,0
4626,122,129,0
529,7,14,0
529,24,31,0
7812,126,133,0
7812,143,150,0
11513,125,132,0
11513,142,149,0
4438,114,121,0
4438,131,138,0
4438,97,104,0
4438,114,121,0
11975,36,43,0
11975,53,60,0
12123,127,134,0
12123,144,151,0
9875,26,33,0
9875,43,50,0
3907,38,45,0
3907,55,62,0
5260,50,57,0
5260,67,74,0
5683,46,53,0
5683,63,70,0
12234,107,114,0
12234,124,131,0
8762,38,45,0
8762,55,62,0
4405,126,133,0
4405,143,150,0
6770,17,24,0
6770,34,41,0
10580,56,63,0
10580,73,80,0
6677,30,37,0
6677,47,54,0
9250,72,79,0
9250,89,96,0
9250,105,112,0
9250,122,129,0
10714,34,41,0
10714,51,58,0
6218,58,65,0
6218,75,82,0
3174,25,32,0
3174,42,49,0
3174,45,52,0
3174,62,69,0
3582,38,45,0
3582,55,62,0
10718,76,83,0
10718,93,100,0
13756,17,24,0
13756,34,41,0
8600,2,9,0
8600,19,26,0
8611,84,91,0
8611,101,108,0
10943,26,33,0
10943,43,50,0
15,112,119,0
15,129,136,0
2553,87,94,0
2553,104,111,0
12994,2,9,0
12994,19,26,0
3438,68,75,0
3438,85,92,0
6858,66,73,0
6858,83,90,0
7879,12,19,0
7879,29,36,0
9327,87,94,0
9327,104,111,0
9444,128,135,0
9444,145,152,0
7525,34,41,0
7525,51,58,0
7525,93,100,0
7525,110,117,0
490,61,68,0
490,78,85,0
7886,85,92,0
7886,102,109,0
6903,74,81,0
6903,91,98,0
4733,95,102,0
4733,112,119,0
13067,26,33,0
13067,43,50,0
5499,68,75,0
5499,85,92,0
10242,103,110,0
10242,120,127,0
8456,35,42,0
8456,52,59,0
7510,98,105,0
7510,115,122,0
458,93,100,0
458,110,117,0
11409,121,128,0
11409,138,145,0
12083,65,72,0
12083,82,89,0
7107,129,136,0
7107,146,153,0
7107,100,107,0
7107,117,124,0
